0001 00008 1| |  2.31750494|  2.23184345|  -16.3|   -9.0| 68| 73| 1.7| 1.8|1958.89|1951.94| 4|1.0|1.0|0.9|1.0|12.146|0.158|12.146|0.223|999| |         |  2.31754222|  2.23186444|1.67|1.54| 88.0|100.8| |-0.2
0001 00013 1| |  1.12558209|  2.26739400|   27.7|   -0.5|  9| 12| 1.2| 1.2|1990.76|1989.25| 8|1.0|0.8|1.0|0.7|10.488|0.038| 8.670|0.015|999|T|         |  1.12551889|  2.26739556|1.81|1.52|  9.3| 12.7| |-0.2
0001 00016 1| |  1.05686490|  1.89782870|  -25.9|  -44.4| 85| 99| 2.1| 2.4|1959.29|1945.16| 3|0.4|0.5|0.4|0.5|12.921|0.335|12.100|0.243|999| |         |  1.05692417|  1.89793306|1.81|1.54|108.5|150.2| |-0.1
0001 00017 1|P|  0.05059802|  1.77144349|   32.1|  -20.7| 21| 31| 1.6| 1.6|1989.29|1985.38| 5|1.4|0.6|1.4|0.6|11.318|0.070|10.521|0.051| 18|T|         |  0.05086583|  1.77151389|1.78|1.55| 30.0| 45.6|D|-0.2
0001 00017 2|P|  0.05059802|  1.77144349|   32.1|  -20.7| 21| 31| 1.6| 1.6|1989.29|1985.38| 5|1.4|0.6|1.4|0.6|10.772|0.048|10.093|0.038| 18| |         |  0.05037611|  1.77148194|1.78|1.57| 21.4| 32.6|D|-0.2
0001 00020 1| |  0.37220148|  2.48018803|    9.3|  -58.8| 55| 75| 1.8| 1.9|1977.81|1963.27| 3|0.7|0.6|0.7|0.6|12.193|0.171|11.398|0.116|999| |         |  0.37218056|  2.48032750|1.80|1.46| 60.2| 92.5| |-0.2
0001 00022 1| |  1.02766471|  1.45849152|   37.5|  -10.6| 56| 47| 1.8| 1.8|1970.15|1971.05| 4|1.8|1.5|1.8|1.6|12.682|0.287|12.289|0.256|999| |         |  1.02753611|  1.45858139|1.77|1.51|101.4|144.6| |-0.1
0001 00024 1| |  0.77431739|  1.71059531|   34.3|   22.3| 73| 88| 2.0| 2.2|1968.13|1954.57| 3|1.4|0.1|1.4|0.1|12.537|0.258|11.697|0.171|999| |         |  0.77423861|  1.71054306|1.75|1.55| 85.8|119.3| |-0.1
0001 00036 1| |  0.29838646|  1.92361761|  200.1| -211.7| 46| 60| 1.4| 1.5|1976.19|1962.33| 4|1.3|0.2|1.4|0.3|11.672|0.082|11.648|0.148|999| |         |  0.29793111|  1.92411389|1.81|1.56| 51.3| 74.5| |-0.2
0001 00039 1| |  2.37141849|  2.30400355|   13.5|  -13.5| 12| 13| 1.3| 1.2|1990.18|1989.01| 8|0.6|0.5|0.6|0.4| 9.510|0.022| 9.387|0.023|999|T|         |  2.37138667|  2.30403444|1.70|1.57| 11.6| 13.7| |-0.1
0001 00041 1|X|            |            |       |       |   |   |    |    |       |       |  |   |   |   |   |13.035|0.320|12.235|0.220|999| |         |  1.80874194|  2.31573611|1.75|1.77|112.2|148.2| | 0.0
0001 00049 1| |  1.08234017|  2.12262034|   22.6|   -4.5|108|132| 2.8| 3.2|1965.60|1949.83| 2|   |   |   |   |12.672|0.331|12.205|0.281|999| |         |  1.08228861|  2.12263111|1.81|1.52|131.3|188.7| |-0.1
0001 00054 1| |  0.87806836|  2.31596792|  -21.1|  -18.3| 46| 43| 1.8| 1.9|1976.32|1973.55| 4|0.6|0.8|0.7|0.8|12.197|0.186|11.442|0.131|999| |         |  0.87812806|  2.31603861|1.82|1.53| 70.1|104.3| |-0.2
0001 00055 1| |  2.46593506|  2.04847203|   10.5|  -19.6| 71| 79| 1.9| 2.0|1969.12|1961.22| 3|1.3|0.6|1.3|0.6|12.405|0.217|11.638|0.149|999| |         |  2.46591139|  2.04851833|1.69|1.52| 83.2| 99.6| |-0.1
0001 00058 1| |  1.26466582|  1.03770719|  110.2|  -49.6|  9| 11| 0.9| 1.0|1989.77|1988.59|11|0.8|0.8|0.8|0.7| 9.713|0.023| 8.907|0.016|999|T|   416   |  1.26441528|  1.03782167|1.83|1.65|  8.6| 12.3| |-0.1
0001 00062 1| |  1.95585301|  2.06028787|  -10.8|  -16.6| 78| 91| 2.0| 2.2|1964.47|1951.70| 3|1.3|0.6|1.3|0.6|12.719|0.255|12.523|0.250|999| |         |  1.95587722|  2.06032639|1.74|1.61| 94.9|127.3| | 0.0
0001 00075 1| |  1.86420843|  2.08421601|   -9.0|  -14.0| 92|105| 2.2| 2.7|1952.87|1938.42| 3|0.1|0.1|0.1|0.1|12.910|0.271|12.498|0.232|999| |         |  1.86422889|  2.08424861|1.75|1.61|127.4|176.5| |-0.1
0001 00083 1| |  1.66774607|  2.10532297|   12.1|  -16.8| 32| 43| 1.7| 1.7|1986.97|1982.25| 3|0.5|0.4|0.5|0.4|12.077|0.125|10.523|0.045|999|T|         |  1.66771833|  2.10536194|1.80|1.67| 32.9| 46.0| |-0.2
0001 00092 1| |  2.46125240|  0.27934674|   10.8|   -3.6| 93|111| 2.4| 2.5|1969.89|1958.13| 2|   |   |   |   |12.485|0.241|12.555|0.293|999| |         |  2.46122750|  0.27935500|1.76|1.56|105.6|139.4| |-0.1
0001 00098 1| |  0.87489081|  1.74911488|   19.3|  -13.5| 39| 48| 1.8| 1.9|1976.75|1972.05| 4|0.8|0.5|0.8|0.5|12.013|0.146|11.491|0.140|999| |         |  0.87486167|  1.74914333|1.78|1.53| 73.5|107.2| |-0.2
0001 00100 1| |  2.37050701|  0.33083854|   11.7|    2.8| 87|107| 2.4| 2.5|1973.61|1961.93| 2|   |   |   |   |13.560|0.459|11.647|0.154|999| |         |  2.37048000|  0.33083194|1.77|1.57| 96.8|129.5| |-0.1
0001 00111 1| |  1.88645284|  2.14256997|  -17.2|   -0.4| 57| 72| 1.8| 1.9|1977.03|1966.41| 3|0.2|1.4|0.2|1.4|12.282|0.174|11.656|0.138|999| |         |  1.88649194|  2.14257083|1.75|1.64| 63.3| 87.2| |-0.1
0001 00145 1| |  0.25850430|  0.81769248|  -15.7|  -10.2| 40| 38| 1.3| 1.4|1975.08|1971.42| 5|0.8|1.5|0.8|1.5|11.995|0.119|11.766|0.162|999| |         |  0.25853056|  0.81772611|1.89|1.62| 56.3| 89.7| |-0.2
0001 00150 1| |  0.13485371|  1.95565839|   22.3|   -4.2| 30| 33| 1.6| 1.6|1983.76|1978.82| 4|1.2|0.8|1.1|0.8|11.735|0.086|10.666|0.059|999|T|         |  0.13480861|  1.95566389|1.79|1.55| 36.5| 53.6| |-0.1
0001 00154 1| |  0.86925854|  0.74952864|    9.4|  -23.3| 80|109| 2.6| 2.8|1977.54|1963.50| 2|   |   |   |   |12.692|0.285|12.021|0.217|999| |         |  0.86923694|  0.74958278|1.90|1.62| 87.6|134.1| |-0.1
0001 00156 1| |  2.08000046|  2.48811451|    3.6|   -6.8| 98|113| 2.8| 2.9|1971.62|1962.79| 2|   |   |   |   |13.536|0.405|12.222|0.216|999| |         |  2.07999167|  2.48813056|1.72|1.61|112.6|140.5| |-0.1
0001 00162 1| |  0.19713836|  2.38490424|   57.8|  -21.2| 13| 16| 1.2| 1.2|1989.79|1987.44| 8|0.9|0.9|1.0|0.9|10.024|0.028| 9.550|0.025|999|T|         |  0.19700639|  2.38495306|1.78|1.56| 13.0| 18.1| |-0.1
0001 00166 1| |  1.47364176|  0.54300902|   48.7|  -12.9| 56| 77| 1.7| 1.8|1976.45|1960.73| 3|1.1|0.9|1.1|0.9|12.391|0.188|11.715|0.140|999| |         |  1.47353167|  0.54304028|1.85|1.61| 61.7| 95.9| |-0.2
0001 00168 1| |  0.42320902|  1.80690049|  -18.1|  -25.2| 44| 40| 1.9| 1.9|1975.67|1974.27| 4|1.5|0.4|1.5|0.4|12.364|0.211|11.930|0.203|731| |         |  0.42322472|  1.80697306|1.80|1.53| 79.5|116.6| |-0.2
0001 00186 1| |  2.01140112|  2.44455662|   12.6|   -2.0| 37| 34| 1.6| 1.6|1982.78|1978.63| 4|1.8|0.7|1.8|0.7|11.715|0.085|10.982|0.071|999|T|         |  2.01136139|  2.44457139|1.75|1.62| 43.1| 56.2| |-0.1
0001 00193 1| |  2.32853223|  2.46247623|   43.9|  -19.4| 47| 46| 1.5| 1.5|1971.05|1968.62| 5|1.2|0.2|1.2|0.2|11.711|0.096|11.176|0.105|999|T|         |  2.32841694|  2.46252389|1.74|1.57| 70.5| 81.1| |-0.2
0001 00194 1| |  0.02665624|  1.33195260|  -14.1|    1.2| 13| 18| 1.0| 1.0|1988.51|1985.54|10|0.5|0.8|0.4|0.9|10.565|0.039| 9.468|0.022|999|T|         |  0.02668778|  1.33195028|1.83|1.55| 13.7| 20.4| |-0.1
0001 00197 1| |  1.23258141|  0.21972087|    6.9|    7.0| 51| 70| 1.6| 1.7|1978.39|1964.61| 3|2.6|2.3|2.5|2.3|11.951|0.110|11.631|0.132|999|T|         |  1.23256556|  0.21970361|1.88|1.60| 54.5| 83.3| |-0.1
0001 00201 1| |  0.60464993|  1.52114988|  -43.9|  -19.1| 68| 88| 1.9| 2.2|1970.88|1954.54| 3|0.5|3.5|0.5|3.5|12.623|0.259|11.784|0.184|999| |         |  0.60475083|  1.52119500|1.75|1.49| 79.2|118.6| |-0.1
0001 00206 1| |  1.34144209|  2.47133836|    6.1|  -34.5| 45| 37| 1.5| 1.5|1974.14|1973.39| 5|0.3|1.2|0.3|1.2|12.055|0.138|11.411|0.108|999| |         |  1.34143167|  2.47138472|1.71|1.51| 60.1| 80.3| |-0.2
0001 00208 1| |  1.29242145|  2.39720290|   39.6|  -42.9|  8| 10| 1.1| 1.1|1990.97|1989.99| 9|0.8|1.0|0.7|1.0| 9.443|0.020| 8.756|0.015|999|T|   429   |  1.29233139|  2.39730361|1.77|1.57|  7.9| 10.3| |-0.2
0001 00220 1| |  1.27507696|  0.73003904|    8.8|   -3.2| 35| 36| 1.6| 1.7|1979.20|1971.55| 4|0.7|0.7|0.6|0.7|12.395|0.200|10.905|0.070|999| |         |  1.27505694|  0.73005417|1.87|1.63| 45.1| 67.6| |-0.1
0001 00248 1| |  0.99307453|  2.38534865|    2.2|  -14.2| 24| 29| 1.5| 1.5|1984.75|1980.79| 6|0.9|0.8|0.9|0.9|11.920|0.121|10.072|0.039|999|T|         |  0.99306639|  2.38538000|1.79|1.54| 28.7| 40.7| |-0.3
0001 00251 1| |  0.00281010|  1.24730158|  -19.5|  -36.8| 40| 56| 1.7| 1.8|1974.09|1965.81| 4|1.5|0.3|1.6|0.3|12.014|0.126|11.529|0.124|999| |         |  0.00285833|  1.24737750|1.84|1.46|108.3|175.5| |-0.1
0001 00254 1| |  0.67056593|  2.00028159|    4.6|    0.0| 50| 41| 2.0| 2.0|1973.15|1973.92| 4|0.7|0.7|0.7|0.7|13.304|0.446|11.693|0.172|999| |         |  0.67057833|  2.00026833|1.77|1.55|108.1|149.3| |-0.1
0001 00263 1| |  0.14340957|  1.06621533|   10.2|    7.5|  9| 13| 0.8| 0.8|1988.83|1986.43|17|0.8|0.7|0.8|0.6|10.117|0.029| 9.032|0.018|999|T|    51   |  0.14338639|  1.06619750|1.86|1.61|  9.7| 15.0| |-0.1
0001 00269 1| |  2.20550871|  1.25424005|    8.5|   -7.4| 23| 24| 1.1| 1.1|1984.58|1981.92| 8|1.0|1.2|1.1|1.2|11.512|0.088| 9.749|0.032|999|T|         |  2.20548750|  1.25425167|1.76|1.56| 26.3| 30.0| |-0.2
0001 00286 1| |  0.52698834|  0.41534826|   45.9|    2.5| 10| 15| 1.1| 1.2|1990.26|1989.22| 9|0.8|0.7|0.8|0.7| 9.634|0.024| 9.167|0.020|999|T|         |  0.52688500|  0.41534278|1.88|1.62| 10.1| 14.8| |-0.1
0001 00293 1| |  2.36680804|  1.24404346|   25.9|    6.5|  5|  6| 1.1| 1.0|1991.37|1990.66|12|0.6|0.7|0.7|0.7| 8.844|0.018| 7.401|0.011|999|T|   769   |  2.36674861|  1.24402806|1.81|1.55|  5.1|  6.3| |-0.2
0001 00297 1| |  0.30288154|  2.43204011|   37.6|   15.6| 36| 38| 1.6| 1.6|1975.03|1972.08| 5|0.9|0.7|0.9|0.7|12.390|0.206|11.490|0.124|999| |         |  0.30278972|  2.43203250|1.80|1.54| 72.4|102.3| |-0.2
0001 00298 1| |  0.06452747|  1.20796663|   27.1|   -8.7| 39| 40| 1.7| 1.8|1975.92|1973.18| 4|1.1|0.2|1.1|0.2|12.553|0.236|12.171|0.219|999| |         |  0.06444028|  1.20799667|1.83|1.55| 79.0|128.8| |-0.1
0001 00307 1|X|            |            |       |       |   |   |    |    |       |       |  |   |   |   |   |13.414|0.396|11.974|0.194|999| |         |  1.39828528|  0.15581528|1.87|1.62| 89.6|137.6| |-0.2
0001 00322 1| |  1.59066136|  2.32638106|  -18.9|  -16.2| 28| 31| 1.6| 1.6|1985.58|1980.79| 4|0.3|0.4|0.3|0.4|11.296|0.061|10.846|0.064|999|T|         |  1.59070389|  2.32641694|1.76|1.64| 31.8| 44.6| |-0.2
0001 00324 1| |  0.53321293|  1.70622370|   14.5|   16.1| 45| 55| 1.9| 2.0|1974.33|1969.20| 4|1.0|0.5|1.1|0.4|12.596|0.265|12.319|0.250|999| |         |  0.53321056|  1.70617139|1.77|1.54| 98.2|136.1| |-0.2
0001 00329 1| |  1.42813551|  0.83927538|   -1.9|    1.4| 45| 62| 1.7| 1.8|1975.55|1965.93| 4|1.6|0.5|1.6|0.6|12.489|0.221|11.781|0.161|999| |         |  1.42813500|  0.83926306|1.84|1.61| 74.9|115.2| |-0.1
0001 00337 1| |  1.19280749|  1.53689371|  -21.6|  -19.8|  6|  7| 0.7| 0.7|1990.21|1989.66|23|0.8|0.4|0.9|0.6| 8.598|0.017| 8.219|0.013|999|T|   384   |  1.19285611|  1.53694028|1.78|1.54|  5.5|  7.3| |-0.1
0001 00341 1| |  1.61692441|  1.92317285|   27.0|  -63.9| 23| 36| 1.4| 1.4|1987.91|1981.71| 6|0.8|0.6|0.8|0.6|11.164|0.058|10.356|0.042| 72|T|         |  1.61686361|  1.92332000|1.89|1.69| 24.2| 38.5| |-0.1
0001 00341 2| |  1.61604539|  1.92137720|   27.7|  -61.1| 31| 47| 1.6| 1.6|1987.08|1979.62| 3|0.7|0.6|0.7|0.6|11.538|0.074|10.752|0.062| 72|T|         |  1.61598306|  1.92151833|1.89|1.69| 32.0| 50.5| |-0.1
0001 00342 1| |  0.52126032|  2.02929067|   18.4|   -1.5| 41| 48| 1.9| 1.9|1975.38|1971.70| 4|2.2|0.3|2.2|0.3|12.250|0.202|11.921|0.222|999| |         |  0.52127556|  2.02930750|1.79|1.57| 86.9|117.8| |-0.1
0001 00351 1| |  1.16292910|  2.35632592|    2.2|  -92.2| 58| 75| 2.5| 2.5|1983.43|1977.69| 3|4.7|1.1|4.6|1.1|12.704|0.285|12.698|0.307|999| |         |  1.16279694|  2.35650444|1.81|1.56|114.7|151.0| |-0.2
0001 00354 1| |  2.02821726|  0.95095959|    8.4|   -0.7| 30| 30| 1.4| 1.5|1978.49|1973.91| 7|1.4|1.0|1.5|1.0|11.761|0.097|10.635|0.061|999|T|         |  2.02820444|  0.95097139|1.68|1.49| 43.1| 56.3| |-0.1
0001 00360 1| |  0.26323840|  2.42347258|   25.8|   -4.4| 20| 26| 1.1| 1.2|1984.93|1979.56|10|1.4|0.7|1.4|0.7|11.347|0.070|10.199|0.040|999|T|         |  0.26318611|  2.42347861|1.79|1.54| 25.4| 37.9| |-0.1
0001 00381 1| |  0.00089614|  1.08900761|   -4.6|   -2.5|  9| 12| 1.0| 1.1|1989.91|1987.95|11|0.9|0.9|0.9|0.9| 9.641|0.023| 9.139|0.018|999|T|     1   |  0.00090639|  1.08901250|1.86|1.57|  8.9| 13.0| |-0.2
0001 00415 1| |  1.63529525|  1.75017411|    1.8|   -3.6| 57| 80| 1.8| 2.0|1977.01|1960.55| 3|0.6|0.3|0.6|0.2|12.768|0.259|11.627|0.126|999| |         |  1.63529139|  1.75018250|1.88|1.67| 63.0|101.9| |-0.1
0001 00428 1| |  1.00218328|  2.24247255|   -1.0|   -8.0| 36| 44| 1.8| 1.9|1978.37|1974.27| 4|0.4|0.5|0.4|0.5|12.669|0.302|11.061|0.097|999| |         |  1.00217833|  2.24248028|1.80|1.55| 64.2| 91.0| |-0.2
0001 00433 1| |  0.37629010|  2.04042860|  -21.4|  -11.5| 42| 41| 1.9| 1.9|1975.54|1973.89| 4|0.8|0.1|0.8|0.1|12.364|0.213|11.979|0.213|999| |         |  0.37635889|  2.04046028|1.76|1.56| 86.7|123.1| |-0.2
0001 00438 1| |  1.02751281|  2.10042717|    3.1|   -7.1| 89|116| 2.6| 2.9|1973.93|1959.69| 2|   |   |   |   |12.257|0.211|12.648|0.340|999| |         |  1.02750556|  2.10044361|1.84|1.56|101.2|147.6| |-0.1
0001 00451 1| |  0.36508577|  0.30158441|  -17.2|   -3.0| 12| 18| 1.0| 1.1|1989.46|1987.54|10|0.8|0.8|0.7|0.8|10.483|0.038| 9.340|0.021|999|T|         |  0.36512528|  0.30159278|1.91|1.69| 13.1| 19.4| |-0.1
0001 00457 1| |  2.17350886|  0.88572244|   39.4|    4.7| 47| 39| 2.0| 2.0|1981.55|1978.02| 3|3.0|1.8|3.0|1.9|11.747|0.105|11.244|0.115|999| |         |  2.17339278|  0.88574667|1.73|1.52| 60.2| 82.7| |-0.2
0001 00462 1| |  1.95337213|  1.31112515|   15.3|    0.8| 37| 46| 1.5| 1.6|1981.17|1975.59| 4|0.8|1.9|0.9|1.9|11.615|0.088|11.005|0.081|999|T|         |  1.95333750|  1.31113806|1.80|1.58| 46.3| 62.1| | 0.0
0001 00465 1| |  0.91191857|  1.40907621|   10.5|   12.6| 39| 49| 1.7| 1.7|1974.35|1968.78| 4|1.3|0.2|1.3|0.2|11.480|0.083|11.076|0.094|999| |         |  0.91189111|  1.40903889|1.79|1.57| 95.8|135.4| |-0.2
0001 00472 1| |  1.87541914|  0.88008348|    5.1|   -3.1| 30| 39| 1.5| 1.5|1985.02|1979.79| 4|0.8|1.3|0.8|1.3|11.610|0.078|10.572|0.052|999|T|         |  1.87540944|  0.88008139|1.74|1.53| 34.4| 48.4| | 0.0
0001 00477 1| |  1.55901196|  1.45549468|    2.5|   -1.1| 60| 86| 2.4| 2.5|1983.70|1973.79| 2|   |   |   |   |12.692|0.240|11.665|0.129|999| |         |  1.55900611|  1.45549750|1.85|1.65| 62.5| 97.4| |-0.2
0001 00487 1| |  1.71704916|  1.49735909|  -18.6|   -8.4| 40| 40| 1.4| 1.4|1975.89|1971.89| 5|0.9|0.6|0.9|0.6|12.194|0.155|11.332|0.096|999| |         |  1.71709500|  1.49736583|1.84|1.72| 55.1| 78.4| |-0.1
0001 00492 1| |  1.12337551|  2.22551924|   38.8|   20.8| 42| 41| 2.0| 1.9|1974.32|1973.23| 4|0.9|1.2|0.8|1.2|12.492|0.238|11.278|0.103|999| |         |  1.12327806|  2.22544444|1.82|1.52|113.9|164.0| |-0.2
0001 00507 1| |  2.06364037|  0.86571038|    1.8|   -8.0| 56| 70| 1.6| 1.7|1978.44|1968.13| 4|1.7|0.9|1.8|0.9|12.760|0.300|12.492|0.271|999| |         |  2.06369528|  0.86569722|1.74|1.58|114.6|157.1| |-0.1
0001 00510 1| |  2.08092353|  1.33508171|   58.3|   -8.3| 70| 81| 1.8| 1.9|1966.80|1956.51| 3|1.3|0.5|1.3|0.5|12.235|0.188|11.706|0.171|999| |         |  2.08079167|  1.33510056|1.78|1.58| 82.5|104.0| |-0.1
0001 00521 1| |  1.91353846|  1.34663515|    4.0|  -11.5| 14| 19| 1.1| 1.2|1986.93|1985.40| 9|1.1|0.9|1.2|0.9|10.920|0.054| 9.388|0.022|999|T|         |  1.91352889|  1.34665944|1.81|1.61| 15.5| 21.5| |-0.1
0001 00535 1| |  1.51393000|  0.82127903|   50.7|   31.6| 30| 36| 1.6| 1.6|1981.63|1976.75| 4|0.1|0.1|0.1|0.1|11.841|0.091|11.213|0.087|999| |         |  1.51381500|  0.82120417|1.85|1.64| 42.7| 68.8| |-0.1
0001 00551 1| |  0.27755905|  1.64459313|   -8.4|   -0.2| 77|106| 2.6| 2.8|1979.59|1966.26| 2|   |   |   |   |14.227|0.593|11.613|0.140|999| |         |  0.27757833|  1.64459361|1.84|1.57| 82.9|128.4| |-0.2
0001 00558 1| |  0.95974169|  0.61799765|    1.0|    4.3| 21| 27| 1.1| 1.2|1982.77|1978.17| 8|0.5|0.7|0.5|0.7|11.644|0.090|10.004|0.037|999|T|         |  0.95973750|  0.61799306|1.89|1.54| 25.9| 38.8| |-0.1
0001 00560 1| |  1.53354952|  0.12141745|   13.5|   -8.6|  6|  8| 0.7| 0.7|1990.24|1988.61|23|0.7|1.0|0.7|1.0| 9.604|0.022| 8.340|0.012|999|T|   511   |  1.53351889|  0.12143778|1.87|1.62|  6.2|  8.9| |-0.1
0001 00563 1| |  0.03856132|  1.28950440|   -4.5|  -27.7| 19| 26| 1.3| 1.3|1987.05|1982.40| 6|1.1|1.3|1.0|1.4|10.772|0.044|10.350|0.042|999|T|         |  0.03856750|  1.28956361|1.84|1.56| 21.3| 32.5| |-0.1
0001 00568 1| |  1.54076825|  1.23608251|    0.6|   -2.9| 32| 41| 1.5| 1.6|1985.48|1977.98| 4|0.6|0.7|0.5|0.8|11.843|0.089|10.841|0.064|999|T|         |  1.54076500|  1.23608194|1.84|1.61| 34.9| 56.5| |-0.1
0001 00584 1| |  1.55179231|  0.51716602|  -13.6|   -4.3| 54| 78| 2.1| 2.2|1984.35|1974.98| 2|   |   |   |   |12.787|0.260|11.314|0.094|999| |         |  1.55182306|  0.51717611|1.85|1.63| 55.6| 85.5| |-0.1
0001 00600 1| |  1.23454734|  0.52322133|   -3.4|  -60.7| 39| 56| 1.6| 1.6|1984.18|1974.98| 3|0.0|0.3|0.0|0.3|11.788|0.089|10.970|0.072|999| |         |  1.23455500|  0.52336194|1.90|1.65| 40.5| 62.3| |-0.1
0001 00603 1| |  0.49608130|  0.86996101|   -0.7|  -10.7| 89|122| 2.6| 3.0|1974.22|1955.88| 2|   |   |   |   |12.496|0.235|11.660|0.162|999| |         |  0.49608333|  0.86998611|1.85|1.59|100.0|162.8| |-0.2
0001 00621 1| |  2.48991800|  1.74443641|   36.7|  -21.1| 75| 88| 2.0| 2.2|1965.99|1953.99| 3|0.4|0.9|0.3|0.8|12.364|0.223|12.223|0.265|999| |         |  2.48983333|  1.74448583|1.70|1.54| 91.0|120.1| |-0.1
0001 00629 1| |  2.03547742|  1.74731759|  -20.5|  -61.7| 18| 24| 1.4| 1.4|1987.94|1985.23| 4|0.3|0.9|0.4|0.9|10.681|0.044| 9.907|0.033|999|T|         |  2.03552472|  1.74746639|1.81|1.55| 19.7| 28.2| |-0.1
0001 00650 1| |  1.81805811|  0.12577238|   19.2|   -2.5| 81|100| 1.8| 2.2|1957.93|1936.59| 3|1.1|2.0|1.1|1.9|12.870|0.307|12.267|0.244|999| |         |  1.81801361|  0.12577833|1.83|1.54|100.7|156.0| | 0.0
0001 00655 1| |  0.33892555|  1.11610690|  -19.3|   -5.9| 50| 67| 1.7| 1.7|1981.96|1971.57| 4|1.1|1.5|1.1|1.6|13.290|0.388|11.772|0.172|999| |         |  0.33894944|  1.11613833|1.90|1.65| 82.1|128.3| |-0.2
0001 00659 1| |  1.30753774|  2.05588640|   -1.6|  -16.2| 39| 51| 1.5| 1.6|1975.97|1967.08| 5|1.3|0.9|1.3|0.9|12.529|0.234|11.350|0.108|999| |         |  1.30753194|  2.05591222|1.86|1.61| 60.1| 93.5| |-0.1
0001 00664 1| |  1.74431492|  1.77745662|   -1.5|   -8.5| 37| 54| 1.7| 1.8|1980.81|1972.62| 4|0.3|0.6|0.2|0.6|11.933|0.108|11.207|0.089|999| |         |  1.74432139|  1.77748722|1.88|1.65| 50.4| 79.2| | 0.0
0001 00665 1| |  1.18888808|  0.05650009|    7.6|    5.2|  7| 10| 1.0| 1.0|1990.71|1989.04|10|1.1|0.5|1.3|0.5| 9.321|0.020| 8.869|0.016|999|T|   383   |  1.18887000|  0.05648778|1.89|1.61|  7.3| 10.9| |-0.1
0001 00680 1| |  2.21767099|  0.69245417|    4.3|    4.2|  6|  7| 0.6| 0.6|1989.87|1989.04|25|1.2|1.1|1.3|1.2| 9.219|0.021| 7.497|0.012|999|T|   717AB |  2.21766000|  0.69244306|1.67|1.46|  5.5|  7.0|P|-0.2
0001 00703 1| |  2.20804455|  2.00125632|    2.5|  -34.0| 66| 75| 1.9| 1.9|1971.22|1963.58| 3|0.5|0.8|0.5|0.8|12.108|0.165|11.409|0.129|999| |         |  2.20803889|  2.00133583|1.65|1.59| 76.4| 92.3| |-0.2
0001 00704 1| |  0.28077012|  0.79866199|    2.7|    7.2| 63| 84| 1.7| 1.9|1972.06|1953.30| 3|0.2|0.6|0.2|0.6|12.253|0.173|12.171|0.214|999| |         |  0.28076389|  0.79864639|1.87|1.57| 70.5|111.8| |-0.2
0001 00733 1| |  1.78305345|  1.04648302|   37.5|   41.3| 19| 26| 1.3| 1.3|1987.67|1983.96| 8|1.3|0.8|1.3|0.8|10.838|0.046|10.210|0.038|999|T|         |  1.78296417|  1.04638750|1.78|1.60| 21.4| 30.9| | 0.0
0001 00736 1| |  1.43263320|  0.30048048|   -7.2|   -3.3| 38| 59| 1.5| 1.6|1984.31|1972.65| 3|1.4|1.1|1.5|1.1|12.399|0.192|10.891|0.067|999|T|         |  1.43264917|  0.30048806|1.88|1.66| 39.9| 65.8| |-0.2
0001 00745 1| |  0.33388554|  1.98583148|   42.7|   10.5| 46| 50| 1.6| 1.7|1970.03|1965.24| 5|2.1|1.2|2.2|1.2|12.531|0.235|11.857|0.190|999| |         |  0.33385278|  1.98584167|1.82|1.50|100.1|157.3| |-0.2
0001 00755 1| |  0.11808963|  0.73618664|   27.4|  -11.1| 27| 33| 1.5| 1.5|1983.71|1978.55| 4|1.6|1.0|1.7|1.0|11.579|0.077|10.741|0.063|880|T|         |  0.11802083|  0.73621750|1.89|1.59| 34.0| 52.6| |-0.2
0001 00760 1| |  0.75942169|  2.35765317|   -4.0|   -4.4| 21| 27| 1.4| 1.4|1986.31|1982.18| 6|1.2|0.7|1.3|0.7|11.372|0.080| 9.815|0.034|981|T|         |  0.75943028|  2.35766861|1.81|1.48| 23.7| 34.5| |-0.2
0001 00761 1|X|            |            |       |       |   |   |    |    |       |       |  |   |   |   |   |12.889|0.264|11.675|0.131|999| |         |  1.63246333|  1.64299167|1.86|1.70| 66.9| 99.9| |-0.1
0001 00771 1| |  2.11621335|  0.26482232|  -44.7|  -99.2| 48| 61| 1.6| 1.6|1978.73|1970.29| 4|0.6|1.6|0.6|1.6|12.864|0.352|11.138|0.105|999| |         |  2.11630278|  0.26502750|1.80|1.50| 72.4| 97.1| |-0.1
0001 00779 1| |  2.35240348|  0.07200016|  -39.7|  -38.8|  8| 10| 0.9| 0.9|1990.01|1989.34|13|0.8|0.5|0.7|0.6| 9.150|0.019| 8.629|0.016|999|T|   766   |  2.35249333|  0.07209111|1.81|1.55|  7.6| 10.1| |-0.2
0001 00783 1| |  1.71815055|  1.86102352|   54.0|    5.6|  8| 11| 0.8| 0.9|1990.13|1987.65|16|0.4|0.6|0.4|0.7| 9.588|0.022| 9.047|0.017|999|T|   565   |  1.71802889|  1.86101083|1.89|1.71|  7.9| 12.2| |-0.1
0001 00788 1| |  1.04166314|  1.55911894|   17.7|   -7.4| 37| 49| 1.4| 1.5|1974.70|1966.56| 5|2.3|1.4|2.4|1.4|11.916|0.119|11.615|0.150|999| |         |  1.04167333|  1.55914556|1.79|1.48| 64.5| 91.9| |-0.1
0001 00797 1| |  0.97412244|  1.88118049|   11.7|   -8.9| 40| 43| 1.8| 1.8|1976.81|1973.66| 4|1.2|0.3|1.2|0.3|12.096|0.159|11.554|0.145|999| |         |  0.97411917|  1.88119250|1.81|1.57| 71.9| 99.5| |-0.1
0001 00799 1| |  2.05794057|  1.87250999|  -11.4|   -3.4| 48| 62| 2.4| 2.4|1987.55|1983.18| 3|0.4|0.7|0.4|0.7|12.471|0.221|11.321|0.106|999| |         |  2.05796139|  1.87250556|1.77|1.64| 67.2| 91.1| |-0.1
0001 00800 1| |  0.14368786|  0.17476931|  -70.8|  -28.2| 32| 43| 1.5| 1.5|1981.67|1975.78| 4|2.7|0.2|2.6|0.2|11.646|0.075|11.270|0.093|999|T|         |  0.14385139|  0.17483556|1.84|1.64| 42.4| 61.4| |-0.1
0001 00807 1| |  0.62297643|  0.39154993|   -3.0|   -8.7| 37| 53| 1.7| 1.8|1970.71|1964.50| 4|1.9|0.8|1.9|0.8|12.826|0.317|11.362|0.118|999| |         |  0.62300972|  0.39155889|1.85|1.59| 74.4|105.0| |-0.2
0001 00816 1| |  0.39447079|  0.11064924|  -11.5|  -10.7| 84|100| 1.9| 2.2|1956.61|1938.11| 3|2.9|0.3|2.9|0.3|12.634|0.258|12.682|0.292|999| |         |  0.39449528|  0.11067361|1.87|1.68|106.9|156.4| |-0.1
0001 00818 1| |  1.91073707|  0.17909736|   -3.9|   -2.5| 17| 21| 1.1| 1.1|1984.22|1980.03| 9|0.8|1.0|0.7|1.0|11.216|0.069| 9.758|0.030|999|T|         |  1.91074722|  0.17909583|1.80|1.58| 21.2| 29.8| |-0.1
0001 00819 1| |  0.91239455|  1.58615787|   -3.0|   12.3| 13| 16| 1.0| 1.0|1987.96|1985.36|11|1.5|0.9|1.5|0.9|10.478|0.041| 9.220|0.021|999|T|         |  0.91240083|  1.58612861|1.74|1.54| 14.3| 19.1| |-0.2
0001 00828 1| |  0.77783082|  2.33747501|   13.6|  -22.8| 81| 99| 2.1| 2.4|1964.51|1947.52| 3|0.6|0.6|0.6|0.6|13.567|0.515|11.571|0.154|981| |         |  0.77779972|  2.33752889|1.82|1.50| 98.7|146.4| |-0.2
0001 00867 1| |  0.54658188|  0.47328317|   31.3|    7.2| 21| 32| 1.2| 1.3|1983.42|1981.63| 8|1.4|0.4|1.3|0.4|10.774|0.048|10.335|0.047|999|T|         |  0.54651667|  0.47326639|1.84|1.61| 25.0| 35.2| |-0.2
0001 00870 1| |  0.05748663|  0.22003036|   31.0|  -16.2| 32| 48| 1.5| 1.6|1980.20|1974.31| 4|2.3|0.6|2.3|0.6|11.967|0.112|11.275|0.097|999|T|         |  0.05740528|  0.22005861|1.84|1.65| 48.3| 67.9| |-0.1
0001 00879 1| |  0.97691228|  1.31378768|    5.4|  -11.6| 36| 38| 1.7| 1.7|1978.20|1975.06| 4|0.4|0.3|0.4|0.4|12.591|0.270|11.161|0.099|999| |         |  0.97690417|  1.31381278|1.79|1.59| 61.7| 89.6| |-0.1
0001 00881 1| |  1.53218645|  1.73301547|   10.8|    4.3| 75| 96| 2.0| 2.3|1966.32|1947.73| 3|0.6|0.5|0.6|0.5|12.777|0.264|12.691|0.272|999| |         |  1.53216222|  1.73300556|1.88|1.68| 89.7|139.5| |-0.1
0001 00884 1| |  2.30134700|  0.07457146|  -99.4|  -77.7| 27| 27| 1.1| 1.1|1973.06|1970.77|11|1.3|1.4|1.4|1.5|10.438|0.040| 9.732|0.032|999|T|         |  2.30155583|  0.07474611|1.81|1.59| 54.4| 74.8| |-0.2
0001 00890 1| |  1.08805714|  1.15401278|   -9.9|   -7.2| 44| 44| 1.7| 1.7|1976.69|1973.69| 4|1.1|0.3|1.2|0.3|12.266|0.200|11.234|0.109|999| |         |  1.08806083|  1.15403250|1.78|1.57| 67.4| 89.7| |-0.1
0001 00900 1| |  1.28043971|  0.36956554|   26.5|   -7.6| 38| 57| 1.5| 1.5|1983.82|1972.19| 3|1.8|1.9|1.8|1.9|11.694|0.080|11.176|0.085|999|T|         |  1.28037972|  0.36958278|1.88|1.61| 39.9| 63.6| |-0.2
0001 00901 1| |  0.04485278|  0.86397319|   -6.6|  -31.0| 55| 74| 2.4| 2.4|1986.52|1980.25| 3|1.0|0.9|1.0|0.9|12.991|0.295|12.540|0.249|999| |         |  0.04484528|  0.86401611|1.86|1.60| 96.7|145.8| |-0.1
0001 00903 1|P|  0.69657083|  2.13012782|   62.2|  -93.7|  4|  6| 1.5| 1.4|1991.69|1991.26| 5|0.5|1.0|0.5|1.1| 8.025|0.016| 7.399|0.011| 16|T|   223A  |  0.69642389|  2.13037306|1.79|1.51|  4.4|  5.8|D|-0.1
0001 00903 2|P|  0.69657083|  2.13012782|   62.2|  -93.7|  4|  6| 1.5| 1.4|1991.69|1991.26| 5|0.5|1.0|0.5|1.1|10.405|0.043| 9.360|0.025| 16| |   223B  |  0.69651194|  2.12994583|1.78|1.53| 16.0| 23.6|D| 0.0
0001 00904 1| |  0.67730262|  1.06560895|   13.5|   -0.5| 35| 38| 1.6| 1.7|1979.30|1975.45| 4|1.6|1.2|1.6|1.2|12.153|0.179|10.954|0.085|999| |         |  0.67728806|  1.06558333|1.84|1.54| 53.5| 80.9| |-0.1
0001 00908 1| |  0.59399324|  1.22672444|   -4.5|   -4.1| 56| 72| 1.7| 1.8|1976.93|1964.69| 3|0.7|2.0|0.7|2.0|12.600|0.268|11.075|0.092|999| |         |  0.59400333|  1.22673611|1.82|1.56| 61.4| 87.1| |-0.1
0001 00918 1| |  2.16950224|  0.23421901|  -10.5|  -17.6|100|114| 2.4| 2.5|1966.20|1956.27| 2|   |   |   |   |12.629|0.307|12.174|0.266|999| |         |  2.16952639|  0.23426000|1.80|1.59|117.3|144.2| |-0.1
0001 00925 1| |  1.98209984|  0.79089821|    4.3|   15.8| 12| 17| 1.1| 1.1|1988.75|1986.78| 9|0.7|0.9|0.6|0.9| 9.885|0.027| 9.596|0.026|999|T|         |  1.98208917|  0.79086000|1.74|1.48| 12.7| 17.9| |-0.1
0001 00931 1| |  0.47258312|  1.24668176|   19.5|  -13.6| 53| 70| 1.6| 1.7|1977.66|1965.17| 3|0.8|0.3|0.8|0.3|11.882|0.109|11.417|0.115|999| |         |  0.47253861|  1.24671389|1.84|1.55| 57.5| 84.1| |-0.1
0001 00939 1| |  0.96074869|  0.77566368|  -31.2|  -15.5| 20| 26| 1.3| 1.3|1986.24|1982.31| 6|1.1|0.6|1.2|0.6|10.552|0.043|10.187|0.044|999|T|         |  0.96082306|  0.77570222|1.88|1.60| 22.8| 33.0| |-0.2
0001 00943 1| |  1.69947409|  0.26333393|   11.8|   18.3| 70| 92| 1.7| 2.0|1966.35|1945.40| 3|3.7|2.1|3.6|2.1|13.214|0.357|11.965|0.189|999| |         |  1.69944694|  0.26329111|1.83|1.54| 81.9|128.7| | 0.0
0001 00945 1| |  1.78618595|  0.33983671|   24.9|    2.4| 18| 24| 1.1| 1.1|1985.71|1980.59|10|1.1|1.0|1.1|1.0|11.529|0.080| 9.867|0.032|999|T|         |  1.78613278|  0.33982667|1.80|1.55| 21.4| 31.4| | 0.0
0001 00970 1| |  0.78138732|  0.08898266|   13.5|   10.8| 43| 48| 1.6| 1.6|1977.27|1972.54| 4|1.0|1.0|1.1|1.0|12.051|0.145|11.307|0.109|999| |         |  0.78135306|  0.08896861|1.84|1.64| 61.3| 82.8| |-0.2
0001 00971 1| |  0.16199118|  2.19436093|  -27.6|  -12.1| 43| 56| 1.8| 1.9|1977.22|1969.64| 4|0.1|1.4|0.2|1.4|12.204|0.168|11.685|0.154|999| |         |  0.16205194|  2.19435472|1.81|1.54| 66.4| 99.5| | 0.0
0001 00976 1| |  0.40159289|  0.23595925|   13.3|    6.1| 30| 37| 1.5| 1.5|1981.69|1977.64| 4|1.3|1.9|1.3|1.9|11.855|0.102|10.745|0.068|999|T|         |  0.40155278|  0.23594722|1.88|1.67| 41.8| 59.1| |-0.2
0001 00979 1| |  1.95904964|  0.12993801|   89.2|  -39.7| 10| 14| 0.9| 1.0|1989.02|1986.10|12|1.3|0.4|1.3|0.4| 9.738|0.025| 9.194|0.020|999|T|         |  1.95884639|  0.13003000|1.83|1.58| 11.0| 15.6| |-0.1
0001 00981 1| |  0.49139388|  0.12858244|  -53.1|  -48.0| 12| 16| 1.0| 1.1|1988.17|1985.72|10|0.8|0.8|0.7|0.7|10.248|0.032| 9.395|0.022|999|T|         |  0.49151389|  0.12869306|1.86|1.62| 13.0| 18.3| |-0.2
0001 00982 1| |  0.69128703|  1.63487022|   -0.1|  -22.3| 58| 42| 2.0| 2.0|1968.65|1972.85| 4|0.2|1.0|0.2|1.0|12.744|0.294|11.974|0.216|999| |         |  0.69128694|  1.63492833|1.78|1.58|138.1|198.6| |-0.1
0001 00988 1|X|            |            |       |       |   |   |    |    |       |       |  |   |   |   |   |12.630|0.281|12.104|0.232|999| |         |  2.48664861|  0.13250583|1.77|1.51| 96.7|140.2| | 0.0
0001 00991 1| |  0.19325781|  2.05226930|   34.2|    6.1| 18| 23| 1.2| 1.2|1986.81|1982.96| 9|1.2|1.1|1.2|1.2|10.707|0.043|10.160|0.038|999|T|         |  0.19318167|  2.05225500|1.79|1.53| 20.7| 29.7| |-0.1
0001 00997 1| |  1.63215330|  2.41980037|   23.1|  -47.3| 41| 38| 1.8| 1.8|1978.58|1975.78| 4|1.3|0.5|1.3|0.6|12.359|0.175|11.617|0.121|999| |         |  1.63208222|  2.41990944|1.77|1.63| 61.3| 87.5| |-0.1
0001 01001 1| |  1.41471184|  2.44886197|  -13.9|  -10.2| 32| 32| 1.6| 1.6|1984.78|1980.13| 4|0.5|0.5|0.6|0.5|11.420|0.071|10.807|0.064|999|T|         |  1.41474472|  2.44888083|1.72|1.61| 35.7| 48.1| |-0.2
0001 01009 1| |  0.13724263|  0.72099692|   45.0|    7.8| 87|105| 2.0| 2.5|1955.42|1934.50| 3|0.4|0.6|0.4|0.6|12.601|0.238|12.238|0.225|880| |         |  0.13714000|  0.72098167|1.89|1.57|112.5|177.3| |-0.1
0001 01015 1| |  0.16293186|  0.22293171|   40.2|   -3.5|  6|  9| 0.6| 0.7|1990.17|1988.78|26|1.0|1.0|1.2|1.0| 9.874|0.024| 8.284|0.012|999|T|    56   |  0.16284111|  0.22293889|1.85|1.65|  6.3|  8.8| |-0.1
0001 01016 1| |  0.42677283|  1.78691628|  -12.3|  -26.1| 42| 39| 1.8| 1.9|1977.42|1974.93| 4|0.9|0.8|0.8|0.7|12.761|0.291|11.328|0.111|731| |         |  0.42681556|  1.78699389|1.82|1.52| 67.1|101.3| |-0.2
0001 01021 1| |  0.48418262|  0.43485213|  -28.5|  -27.2| 76|102| 2.2| 2.4|1976.96|1963.25| 2|   |   |   |   |12.315|0.200|11.885|0.203|999| |         |  0.48424722|  0.43491528|1.88|1.65| 83.3|122.2| |-0.2
0001 01024 1| |  1.08037979|  0.87564125|  -21.3|  -21.0| 29| 33| 1.5| 1.5|1982.36|1978.87| 4|0.8|1.3|0.8|1.3|11.413|0.079|10.649|0.063|999|T|         |  1.08042333|  0.87570444|1.83|1.64| 38.5| 52.4| |-0.1
0001 01040 1| |  0.39848735|  0.44480609|    6.0|  -18.8| 47| 62| 1.5| 1.6|1982.09|1972.58| 4|1.5|1.2|1.6|1.2|12.343|0.198|11.562|0.131|999| |         |  0.39849139|  0.44483889|1.89|1.69| 68.5|100.5| |-0.2
0001 01044 1| |  0.45307507|  0.60497517|   -7.9|  -13.7| 92|120| 2.6| 3.0|1972.68|1957.17| 2|   |   |   |   |12.927|0.302|12.619|0.280|999| |         |  0.45309278|  0.60500694|1.85|1.65|104.8|157.7| |-0.1
0001 01058 1| |  0.16680385|  0.31505263|   56.2|  -23.5| 39| 54| 1.5| 1.5|1983.81|1975.12| 3|2.5|1.1|2.5|1.1|11.798|0.083|11.015|0.074|999|T|         |  0.16667667|  0.31510667|1.88|1.66| 40.8| 59.7| |-0.2
0001 01063 1| |  1.43855629|  0.58258630|   -7.8|   -7.0| 60| 78| 1.7| 1.8|1974.25|1959.93| 3|0.4|0.4|0.4|0.4|13.173|0.333|11.481|0.108|999| |         |  1.43857361|  0.58260194|1.87|1.65| 67.2| 97.8| |-0.2
0001 01072 1| |  1.25088481|  2.05664053|   22.3|  -17.0| 34| 35| 1.4| 1.4|1980.70|1975.82| 6|1.3|0.7|1.2|0.6|12.048|0.137|11.350|0.107|999|T|         |  1.25082361|  2.05666389|1.84|1.58| 54.8| 83.9| |-0.1
0001 01093 1| |  0.68683921|  2.47766887|   85.9|  -82.7| 37| 53| 1.9| 1.9|1976.91|1970.51| 4|0.8|0.5|0.8|0.5|12.365|0.224|11.617|0.156|999| |         |  0.68666389|  2.47784667|1.81|1.47| 77.6|117.5| |-0.2
0001 01101 1| |  2.48178581|  0.71715493|   -5.8|   -9.1| 47| 60| 1.6| 1.6|1980.76|1972.23| 3|1.2|0.5|1.2|0.5|11.980|0.136|10.772|0.076|999|T|         |  2.48179889|  0.71717611|1.75|1.53| 49.5| 67.9| |-0.1
0001 01112 1| |  2.12675953|  0.70965804|    3.9|  -23.2| 67| 79| 1.8| 1.9|1970.05|1959.39| 3|0.7|0.2|0.7|0.2|12.312|0.218|11.318|0.126|999| |         |  2.12675083|  0.70971278|1.71|1.45| 76.9| 98.7| |-0.2
0001 01113 1| |  1.58884175|  2.45427520|   12.0|  -10.7| 50| 43| 1.8| 1.8|1977.85|1975.02| 4|1.2|1.0|1.2|1.1|12.389|0.177|11.725|0.142|999| |         |  1.58880194|  2.45427778|1.76|1.61| 62.2| 85.5| |-0.2
0001 01115 1| |  0.35102517|  0.25156508|   24.1|   -0.6| 25| 30| 1.4| 1.4|1984.94|1980.55| 4|0.3|0.6|0.3|0.6|11.135|0.059|10.608|0.054|999|T|         |  0.35097194|  0.25156639|1.91|1.73| 29.5| 43.3| |-0.1
0001 01121 1| |  0.91327054|  2.06961208|   -1.2|   -1.9| 42| 39| 1.8| 1.8|1977.86|1975.12| 4|0.9|1.2|0.9|1.2|11.808|0.113|11.358|0.130|999| |         |  0.91327833|  2.06958167|1.82|1.56| 62.8| 93.0| |-0.2
0001 01122 1| |  0.46275043|  1.56959961|   66.4|  -20.9| 25| 30| 1.2| 1.2|1981.96|1976.75| 8|0.8|0.9|0.7|0.9|11.213|0.067|10.814|0.075|999|T|         |  0.46260667|  1.56963667|1.79|1.51| 35.9| 53.0| |-0.2
0001 01130 1| |  1.47201453|  1.17084780|  -16.8|   -7.2| 67| 90| 1.7| 2.0|1969.99|1949.53| 3|0.4|1.6|0.5|1.6|12.942|0.287|12.022|0.190|999| |         |  1.47205278|  1.17086139|1.86|1.64| 76.8|125.4| |-0.1
0001 01135 1| |  1.82702722|  0.69273045|   23.4|   -8.1| 27| 26| 1.4| 1.4|1982.54|1975.63| 7|0.8|1.4|0.8|1.4|11.373|0.075|10.630|0.057|999|T|         |  1.82697750|  0.69274472|1.79|1.49| 33.5| 49.7| | 0.1
0001 01142 1| |  1.53858255|  0.00772304|  -11.4|   -7.9| 93|118| 2.3| 2.6|1969.22|1953.27| 2|   |   |   |   |12.791|0.275|13.006|0.323|999| |         |  1.53860778|  0.00774139|1.83|1.60|106.6|153.7| |-0.1
0001 01149 1| |  1.55783255|  0.08589224|   24.9|   -1.4| 59| 64| 1.7| 1.7|1969.51|1963.09| 4|1.0|1.9|0.9|2.0|12.857|0.287|12.057|0.212|999| |         |  1.55776528|  0.08589028|1.84|1.55| 86.0|131.9| |-0.1
0001 01156 1| |  2.07182683|  0.67648478|   -3.7|    4.9| 50| 53| 1.7| 1.7|1976.16|1970.53| 4|0.4|0.8|0.4|0.9|12.428|0.227|11.355|0.116|265| |         |  2.07183139|  0.67648361|1.78|1.60| 66.4| 97.5| |-0.1
0001 01160 1| |  2.06480683|  0.67437100|    7.8|    6.1| 35| 35| 1.5| 1.5|1982.81|1977.35| 4|0.1|0.9|0.1|0.9|11.750|0.098|10.666|0.064|265|T|         |  2.06478889|  0.67436917|1.76|1.58| 41.1| 60.5| |-0.1
0001 01167 1| |  0.11556612|  0.20505780|   22.2|   44.1| 10| 13| 1.0| 1.0|1989.75|1987.46|10|0.8|0.7|0.9|0.8| 9.810|0.023| 9.360|0.020|999|T|         |  0.11551556|  0.20495528|1.85|1.66| 10.1| 14.2| |-0.1
0001 01187 1| |  2.34077539|  0.63515298|  119.4|  -29.7| 62| 76| 1.5| 1.7|1962.58|1946.59| 4|0.7|0.4|0.7|0.4|12.950|0.338|11.381|0.120|999| |         |  2.34049972|  0.63522361|1.70|1.44| 76.1|106.6| |-0.1
0001 01252 1| |  2.17655145|  0.40845184|   12.0|   -4.9| 76| 94| 2.2| 2.3|1976.31|1966.26| 2|   |   |   |   |12.117|0.175|11.822|0.205|999| |         |  2.17652417|  0.40846361|1.75|1.48| 83.2|110.4| |-0.2
0001 01282 1| |  1.68666008|  0.43264725|   -1.8|    0.9| 77| 96| 1.7| 2.1|1960.98|1941.27| 3|1.2|2.6|1.2|2.6|12.797|0.276|12.471|0.242|999| |         |  1.68666444|  0.43264528|1.84|1.60| 94.3|140.5| | 0.0
0001 01339 1| |  1.83101195|  1.66507763|  -84.1|   -4.8|  9| 12| 1.0| 1.1|1990.01|1987.99|12|0.8|1.1|0.8|1.0| 9.714|0.023| 9.013|0.017|999|T|   604   |  1.83120139|  1.66508833|1.87|1.61|  8.8| 12.8| | 0.0
0001 01394 1| |  1.91666223|  1.09420418|  -14.5|  -22.5|  6|  7| 1.0| 1.1|1990.86|1990.39|10|0.3|0.4|0.4|0.5| 8.454|0.016| 8.259|0.013|999|T|   628   |  1.91669528|  1.09425722|1.75|1.52|  5.5|  7.1| |-0.1
0002 00015 1| |  3.69215839|  0.53883691|   27.0|  -10.3|100|119| 2.4| 2.6|1965.99|1953.15| 2|   |   |   |   |12.771|0.308|12.775|0.312|999| |         |  3.69209694|  0.53886083|1.84|1.66|117.5|156.1| |-0.1
0002 00036 1| |  3.67461446|  0.41098313|  -43.9|  -22.1| 52| 67| 1.5| 1.6|1977.70|1966.54| 3|1.6|2.0|1.7|2.1|11.858|0.114|11.168|0.103|999| |         |  3.67471417|  0.41103417|1.83|1.65| 55.8| 78.3| |-0.1
0002 00038 1| |  3.64121230|  1.08701186|   14.1|  -23.0| 69| 82| 1.8| 1.9|1968.56|1957.30| 3|1.0|3.0|0.9|3.0|12.444|0.213|11.907|0.189|999| |         |  3.64117944|  1.08706861|1.83|1.73| 81.0|104.7| | 0.0
0002 00052 1| |  3.50565135|  0.38960875|  128.4|  -22.0| 82|105| 2.3| 2.4|1974.53|1961.97| 2|   |   |   |   |13.043|0.366|11.732|0.175|999| |         |  3.50536083|  0.38965972|1.86|1.65| 90.6|127.4| | 0.1
0002 00056 1|X|            |            |       |       |   |   |    |    |       |       |  |   |   |   |   |12.343|0.194|12.815|0.303|999| |         |  3.06733917|  0.57650750|1.86|1.64| 89.0|130.0| | 0.0
0002 00076 1| |  2.93262052|  1.05427377|    3.7|   -0.5| 50| 67| 1.6| 1.7|1981.10|1970.36| 4|0.9|1.7|0.9|1.7|12.620|0.267|11.891|0.207|999| |         |  2.93260806|  1.05428694|1.89|1.58| 82.0|127.5| |-0.1
0002 00090 1| |  3.73937469|  0.63648175|   33.4|    5.9| 48| 61| 1.3| 1.4|1973.94|1960.70| 4|1.1|1.8|1.2|1.9|11.788|0.100|11.263|0.106|999| |         |  3.73929917|  0.63646694|1.87|1.62| 54.3| 76.2| |-0.1
0002 00101 1| |  2.88466791|  1.01944935|  -16.2|  -29.4| 38| 38| 1.6| 1.7|1979.91|1975.49| 4|0.7|1.1|0.7|1.1|11.931|0.127|11.193|0.102|999| |         |  2.88471194|  1.01952528|1.86|1.53| 52.0| 83.2| |-0.1
0002 00102 1| |  2.97318529|  0.66499098|    2.2|  -11.6| 72| 88| 1.8| 2.0|1966.87|1951.89| 3|2.9|1.4|2.9|1.4|12.654|0.274|11.775|0.183|999| |         |  2.97317806|  0.66501583|1.83|1.63| 84.9|118.8| |-0.1
0002 00108 1| |  2.55534234|  0.66722459|   -6.3|   -6.9|100|123| 2.7| 3.0|1968.95|1954.86| 2|   |   |   |   |12.915|0.330|12.404|0.287|999| |         |  2.55535611|  0.66724083|1.75|1.46|117.0|165.3| | 0.0
0002 00111 1| |  3.39665487|  0.47123989|   59.2|  -54.7| 21| 30| 1.0| 1.1|1982.36|1978.50|10|1.0|1.0|1.0|1.0|11.209|0.066|10.275|0.043|999|T|         |  3.39651222|  0.47136917|1.88|1.78| 26.6| 38.4| | 0.1
0002 00126 1| |  3.27589352|  0.99071671|  -28.2|  -32.7| 64| 84| 1.8| 2.1|1973.53|1957.41| 3|0.8|0.5|0.8|0.4|12.640|0.269|11.546|0.138|999| |         |  3.27595667|  0.99079139|1.92|1.76| 72.1|110.1| | 0.1
0002 00129 1| |  3.24463249|  0.98774106|    1.2|   -3.8| 45| 62| 1.7| 1.8|1983.79|1974.42| 4|2.6|0.6|2.6|0.6|12.367|0.206|11.533|0.128|999| |         |  3.24459389|  0.98774528|1.93|1.77| 64.3|101.8| | 0.0
0002 00150 1| |  2.52737498|  0.14647030|   -3.9|    0.5| 63| 82| 1.7| 1.8|1972.68|1957.27| 3|1.5|0.3|1.5|0.3|13.271|0.395|11.360|0.110|999| |         |  2.52738389|  0.14646889|1.77|1.50| 71.0|103.2| |-0.1
0002 00151 1| |  2.87784974|  0.70858946|  -12.4|  -22.9| 58| 76| 1.7| 1.8|1975.71|1961.71| 3|0.4|0.1|0.5|0.2|12.424|0.212|11.497|0.117|999| |         |  2.87787750|  0.70864306|1.84|1.57| 63.7| 94.3| |-0.1
0002 00211 1| |  3.05239000|  0.91437146|  -19.8|  -10.4| 39| 46| 1.7| 1.8|1975.38|1971.19| 4|0.6|0.2|0.6|0.2|12.063|0.145|12.033|0.210|999| |         |  3.05243056|  0.91440417|1.86|1.63| 91.2|136.1| | 0.0
0002 00224 1| |  2.88373708|  0.11148180|  -12.7|   14.9| 43| 57| 1.5| 1.5|1982.12|1972.90| 3|1.0|0.6|1.0|0.6|11.994|0.123|10.910|0.073|999|T|         |  2.88376639|  0.11144667|1.81|1.52| 44.7| 64.4| |-0.1
0002 00229 1| |  2.91948262|  0.12208214|   32.1|    0.7| 12| 16| 1.0| 1.1|1988.12|1985.36|10|0.8|0.8|0.9|0.8|10.044|0.028| 9.667|0.026|999|T|         |  2.91940806|  0.12208000|1.82|1.55| 12.6| 18.8| |-0.2
0002 00234 1| |  2.81870754|  0.12770387|   59.1|   -3.5| 76|100| 2.2| 2.4|1976.90|1964.14| 2|   |   |   |   |12.476|0.221|12.193|0.217|999| |         |  2.81857306|  0.12771194|1.81|1.53| 82.9|119.3| |-0.2
0002 00240 1| |  3.04127938|  0.27625365|   -5.2|   -0.9| 24| 27| 1.3| 1.3|1981.00|1976.23| 8|1.0|1.4|0.9|1.5|11.708|0.085|10.518|0.049|999|T|         |  3.04128806|  0.27626667|1.79|1.56| 33.5| 47.7| |-0.1
0002 00244 1|X|            |            |       |       |   |   |    |    |       |       |  |   |   |   |   |12.870|0.281|11.793|0.170|999| |         |  3.03246639|  0.13390278|1.85|1.57| 75.0|118.3| |-0.1
0002 00254 1| |  3.50535052|  0.86868544|    1.0|  -15.8| 10| 13| 0.9| 1.0|1988.21|1986.48|15|1.2|0.8|1.2|0.8| 9.775|0.025| 9.281|0.021|999|T|  1121   |  3.50535083|  0.86872083|1.91|1.75| 11.0| 15.2| | 0.0
0002 00268 1| |  2.64046525|  0.77569322|  -22.9|  -18.5| 20| 26| 1.2| 1.3|1986.05|1981.73| 8|3.3|1.1|3.3|1.1|10.722|0.047|10.156|0.041|999|T|         |  2.64049972|  0.77574722|1.81|1.48| 22.8| 33.4| |-0.1
0002 00272 1| |  2.98275691|  0.77635375|   25.8|  -33.6| 48| 65| 1.6| 1.7|1980.08|1968.74| 3|0.6|1.2|0.6|1.1|11.758|0.091|11.401|0.111|999| |         |  2.98269833|  0.77643278|1.87|1.62| 52.0| 75.8| |-0.1
0002 00273 1| |  3.74448174|  0.78272966|    5.7|  -40.3| 49| 63| 1.6| 1.6|1981.00|1971.48| 4|1.2|0.5|1.2|0.5|12.204|0.191|11.679|0.163|999| |         |  3.74449667|  0.78281750|1.84|1.64| 78.4|110.4| |-0.1
0002 00276 1| |  2.99210353|  0.25854982|    5.1|   -4.9| 67| 96| 2.2| 2.3|1980.45|1966.40| 2|   |   |   |   |12.843|0.277|11.743|0.159|999| |         |  2.99209194|  0.25856111|1.84|1.58| 71.4|112.7| |-0.1
0002 00291 1| |  3.38509059|  0.84696024|   68.7|  -26.1| 15| 19| 0.9| 1.0|1984.44|1980.52|14|0.6|0.6|0.6|0.6|10.841|0.051| 9.704|0.029|999|T|  1087   |  3.38493611|  0.84702056|1.91|1.82| 18.1| 25.9| | 0.1
0002 00301 1| |  3.25799480|  0.83373712|   20.8|    2.6| 40| 43| 1.4| 1.4|1976.37|1970.53| 5|1.4|1.4|1.4|1.4|12.184|0.165|11.189|0.096|999| |         |  3.25795306|  0.83371833|1.89|1.73| 53.4| 81.5| | 0.1
0002 00310 1| |  3.48704368|  0.22685505|  -27.1|  -63.3| 32| 38| 1.5| 1.6|1979.94|1975.40| 4|0.6|0.8|0.6|0.8|11.801|0.105|11.083|0.095|999| |         |  3.48709889|  0.22698361|1.87|1.66| 49.9| 77.2| | 0.0
0002 00322 1| |  3.04238814|  0.24384328|   82.5|  -84.5| 31| 44| 1.4| 1.4|1986.37|1979.71| 3|0.2|0.7|0.2|0.7|11.286|0.065|10.770|0.063|999|T|         |  3.04220028|  0.24404111|1.81|1.57| 31.6| 47.1| |-0.1
0002 00326 1| |  3.70711894|  0.24009262|    2.5|   -5.2| 25| 28| 1.3| 1.4|1982.09|1977.07| 7|1.4|1.5|1.4|1.4|11.493|0.083|10.440|0.052|999|T|         |  3.70711806|  0.24008861|1.81|1.57| 33.9| 48.2| |-0.1
0002 00328 1| |  2.91009316|  0.80972548|  -16.0|  -20.7| 61| 79| 1.7| 1.9|1974.07|1959.66| 3|1.1|0.1|1.1|0.1|12.286|0.185|11.570|0.136|999| |         |  2.91012917|  0.80977389|1.87|1.61| 68.2| 98.5| |-0.1
0002 00335 1| |  3.31262688|  1.13325747|  -18.7|    0.3| 14| 19| 1.0| 1.0|1986.20|1984.68|12|1.1|0.9|1.0|1.0|11.023|0.057| 9.404|0.023|999|T|         |  3.31266833|  1.13325667|1.82|1.80| 16.4| 22.0| | 0.0
0002 00336 1| |  3.64187365|  1.92286301|   -6.7|   -6.7| 29| 33| 1.5| 1.5|1981.28|1977.85| 6|0.7|0.7|0.7|0.7|11.591|0.078|10.856|0.070|999|T|         |  3.64189139|  1.92287333|1.80|1.76| 40.7| 53.8| |-0.1
0002 00337 1| |  2.71017612|  1.94126106|   12.1|   -5.1| 55| 63| 1.8| 1.8|1977.69|1971.34| 3|0.2|0.1|0.2|0.1|11.985|0.133|11.128|0.095|999| |         |  2.71014833|  1.94127306|1.76|1.50| 60.1| 73.2| |-0.2
0002 00345 1| |  3.63914560|  2.49022202|  -31.0|  -15.3| 58| 73| 2.6| 2.7|1978.43|1972.25| 3|2.8|0.6|2.8|0.6|12.326|0.191|12.672|0.280|999| |         |  3.63916889|  2.49027472|1.89|1.73| 90.3|137.6| | 0.0
0002 00347 1| |  3.54168122|  2.48609324|   17.2|   -9.7| 37| 47| 1.9| 1.9|1977.14|1972.61| 4|1.2|0.1|1.2|0.2|12.318|0.182|12.289|0.230|999| |         |  3.54161306|  2.48611306|1.89|1.69| 77.5|116.4| | 0.1
0002 00355 1| |  2.54354924|  2.46718984|   -1.3|   -0.8| 62| 67| 2.0| 2.0|1967.98|1963.18| 4|1.6|0.5|1.6|0.4|12.140|0.169|12.013|0.225|999| |         |  2.54350417|  2.46717583|1.76|1.62|111.2|134.1| |-0.1
0002 00366 1| |  2.74605500|  1.87624173|    3.3|  -10.0| 95|111| 2.7| 2.8|1971.37|1962.27| 2|   |   |   |   |12.748|0.282|12.473|0.256|999| |         |  2.74604778|  1.87626556|1.76|1.42|109.5|138.3| |-0.2
0002 00370 1| |  3.07473614|  1.16672872|    1.3|   15.3| 23| 30| 1.3| 1.4|1984.73|1979.44| 6|0.7|0.9|0.6|0.9|10.934|0.056|10.599|0.059|999|T|         |  3.07473444|  1.16668833|1.93|1.70| 28.2| 43.5| |-0.1
0002 00371 1| |  2.67514038|  1.86847814|    0.3|  -29.2| 53| 65| 1.7| 1.8|1980.49|1972.53| 4|0.2|0.9|0.2|0.9|12.304|0.200|11.865|0.204|999| |         |  2.67514222|  1.86855667|1.68|1.48| 98.0|119.3| |-0.2
0002 00372 1| |  3.52640721|  2.44703041|   -8.8|  -10.2| 40| 48| 1.8| 1.8|1977.17|1972.74| 4|0.9|1.4|0.9|1.4|12.010|0.128|11.990|0.207|999| |         |  3.52642889|  2.44702083|1.87|1.69| 69.6| 96.8| | 0.1
0002 00375 1| |  3.64396385|  2.44012085|    5.2|  -13.4| 17| 23| 1.3| 1.3|1987.93|1985.30| 6|0.7|0.9|0.7|0.9|10.558|0.039|10.070|0.035|999|T|         |  3.64395250|  2.44014833|1.89|1.76| 18.9| 27.4| |-0.1
0002 00376 1| |  3.77096663|  1.17017709|    7.3|  -16.2| 52| 64| 1.7| 1.7|1978.79|1970.37| 3|0.0|0.3|0.0|0.4|12.896|0.275|11.103|0.082|999| |         |  3.77094944|  1.17021500|1.81|1.65| 56.1| 74.2| |-0.2
0002 00378 1|P|  3.35410343|  2.43857030|    5.8|  -22.8| 54| 67| 1.6| 1.7|1973.53|1960.92| 4|1.8|1.5|1.8|1.5|12.282|0.194|11.243|0.099| 15|T|         |  3.35399750|  2.43844389|1.85|1.65| 60.7| 85.1|D| 0.0
0002 00378 2|P|  3.35410343|  2.43857030|    5.8|  -22.8| 54| 67| 1.6| 1.7|1973.53|1960.92| 4|1.8|1.5|1.8|1.5|12.344|0.200|11.916|0.189| 15|T|         |  3.35419361|  2.43882278|1.84|1.65| 76.3|106.7|D| 0.0
0002 00394 1| |  3.14554574|  1.19477923|   13.6|    6.8| 38| 35| 1.6| 1.6|1983.54|1978.29| 5|0.4|1.7|0.4|1.8|11.777|0.094|11.421|0.118|999| |         |  3.14551944|  1.19478056|1.85|1.68| 54.1| 79.4| |-0.1
0002 00400 1| |  2.82715072|  1.20303350|  -67.8|  -56.6| 37| 53| 1.5| 1.6|1984.44|1975.12| 3|0.4|1.2|0.4|1.2|11.319|0.077|10.828|0.079|999|T|         |  2.82730444|  1.20316750|1.84|1.50| 38.7| 58.5| |-0.2
0002 00403 1| |  3.72843556|  1.20547888|   55.5|  -23.4| 83|102| 2.6| 2.7|1976.15|1966.57| 2|   |   |   |   |12.676|0.254|11.940|0.193|999| |         |  3.72830861|  1.20553306|1.77|1.67| 92.2|122.3| |-0.1
0002 00418 1| |  3.14691395|  1.80443404|   25.0|  -85.9| 31| 31| 1.5| 1.5|1982.43|1978.77| 6|0.9|0.7|0.9|0.7|11.722|0.078|10.771|0.059|999|T|         |  3.14685444|  1.80463750|1.75|1.59| 38.4| 48.9| |-0.2
0002 00422 1| |  3.27401178|  1.79656409|   -6.3|  -39.3| 30| 31| 1.3| 1.3|1983.40|1978.42| 5|1.2|0.5|1.2|0.5|11.537|0.069|10.809|0.061|999|T|         |  3.27402611|  1.79665556|1.80|1.77| 34.1| 45.6| |-0.1
0002 00424 1| |  2.94225664|  2.35408580|   -1.3|   -8.6| 44| 40| 1.7| 1.8|1979.92|1976.41| 4|0.9|0.7|0.9|0.7|11.974|0.129|11.072|0.088|999| |         |  2.94226306|  2.35409444|1.78|1.45| 53.6| 72.4| |-0.2
0002 00428 1| |  2.50737229|  2.01726661|   -0.6|  -17.3| 87| 92| 2.1| 2.2|1956.24|1949.18| 3|0.3|0.6|0.3|0.6|11.921|0.125|11.199|0.101|999| |         |  2.50737333|  2.01730722|1.69|1.53|115.0|131.9| |-0.2
0002 00449 1| |  3.05997897|  2.33062984|   -0.4|  -20.8| 23| 29| 1.4| 1.5|1985.06|1980.59| 6|0.7|0.6|0.7|0.6|11.743|0.090|10.214|0.041|999|T|         |  3.05997611|  2.33067944|1.85|1.49| 28.4| 41.3| |-0.1
0002 00451 1| |  3.31366797|  1.75152318|   32.1|   -7.0| 38| 46| 1.4| 1.5|1977.38|1971.66| 5|1.3|0.3|1.4|0.3|12.026|0.114|11.413|0.095|999| |         |  3.31359167|  1.75154306|1.79|1.74| 51.5| 66.5| |-0.1
0002 00454 1| |  3.27402783|  2.02905946|   48.9|    0.8| 34| 38| 1.5| 1.5|1976.66|1973.09| 5|1.1|0.6|1.1|0.6|12.427|0.201|11.454|0.107|999| |         |  3.27390222|  2.02907306|1.84|1.65| 61.0| 86.2| |-0.1
0002 00458 1| |  3.22009505|  1.40221969|  -15.3|  -28.8| 28| 31| 1.3| 1.3|1980.99|1978.10| 5|2.0|0.5|2.0|0.5|11.675|0.085|10.559|0.052|999|T|         |  3.22012056|  1.40228722|1.79|1.72| 38.3| 46.3| |-0.1
0002 00463 1| |  3.72896452|  2.30729189|   74.8|    5.9| 45| 51| 1.8| 1.8|1978.48|1972.76| 4|0.4|1.7|0.4|1.8|11.973|0.123|11.606|0.135|999| |         |  3.72880000|  2.30723722|1.89|1.81| 59.7| 88.9| | 0.0
0002 00468 1| |  2.66361790|  2.30067373|    0.1|    1.9|  8| 10| 1.0| 1.1|1990.31|1990.05|13|1.0|1.2|1.1|1.3| 9.702|0.025| 8.298|0.014|999|T|   868   |  2.66361667|  2.30067056|1.79|1.66|  8.1|  9.6| |-0.2
0002 00471 1|X|            |            |       |       |   |   |    |    |       |       |  |   |   |   |   |12.763|0.332|11.731|0.200|999| |         |  2.63362611|  1.42045833|1.82|1.46| 94.3|142.2| |-0.1
0002 00473 1| |  3.11531310|  2.29985088|    3.9|  -11.8| 57| 43| 2.6| 2.6|1977.91|1977.07| 3|0.1|0.6|0.0|0.6|12.503|0.243|12.471|0.253|999| |         |  3.11530556|  2.29989917|1.86|1.58| 94.2|138.5| |-0.1
0002 00493 1| |  2.91403162|  1.44663144|   -3.3|  -18.9| 67| 81| 1.7| 1.9|1969.04|1956.22| 3|0.0|0.5|0.0|0.4|12.122|0.164|11.880|0.203|999| |         |  2.91403917|  1.44667694|1.72|1.45| 78.2|105.3| |-0.2
0002 00500 1| |  3.10076501|  2.27433546|   -7.0|  -38.0|103|129| 2.8| 3.2|1969.58|1954.07| 2|   |   |   |   |13.561|0.464|13.158|0.386|999| |         |  3.10078139|  2.27442444|1.87|1.58|121.4|176.0| |-0.1
0002 00508 1| |  3.46544136|  1.46737963|    3.9|  -15.8| 88|109| 2.6| 2.8|1974.12|1962.95| 2|   |   |   |   |12.778|0.252|11.755|0.152|999| |         |  3.46543222|  1.46741583|1.85|1.76| 99.0|135.0| |-0.1
0002 00518 1| |  2.82166896|  1.34824171|   -3.9|   -3.1| 52| 70| 2.3| 2.4|1987.12|1981.46| 3|4.3|1.2|4.3|1.2|13.204|0.409|11.464|0.132|999| |         |  2.82175306|  1.34828000|1.73|1.44| 81.6|118.6| |-0.2
0002 00532 1| |  3.36875904|  1.48315369|   27.3|   -6.4| 35| 37| 1.5| 1.5|1975.40|1972.77| 5|1.6|0.5|1.5|0.5|12.572|0.223|11.421|0.105|999|T|         |  3.36868028|  1.48316361|1.80|1.72| 67.0| 86.7| |-0.1
0002 00536 1| |  2.73577647|  2.24016995|   -0.6|  -18.9| 52| 61| 1.7| 1.8|1978.83|1972.63| 3|0.3|0.9|0.3|0.8|11.890|0.104|11.213|0.095|999| |         |  2.73577806|  2.24021444|1.74|1.55| 56.7| 69.6| |-0.2
0002 00559 1| |  3.46803157|  1.31590133|   14.7|  -13.1| 20| 23| 1.3| 1.3|1986.86|1985.36| 4|2.6|0.9|2.7|0.9|10.691|0.041|10.169|0.038|999|T|         |  3.46800389|  1.31593306|1.82|1.78| 22.8| 27.4| |-0.1
0002 00565 1| |  2.55567725|  2.19978212|   10.5|  -47.8| 39| 42| 1.6| 1.6|1977.80|1975.44| 6|0.4|0.5|0.4|0.6|11.666|0.092|10.840|0.080|999|T|         |  2.55565167|  2.19989139|1.65|1.54| 52.7| 57.5| |-0.2
0002 00567 1| |  2.98682968|  2.19773011|   -6.9|  -14.8| 57| 70| 1.9| 1.9|1977.88|1969.40| 3|0.3|1.0|0.3|1.0|13.295|0.389|11.180|0.090|999| |         |  2.98684528|  2.19776472|1.75|1.53| 62.9| 82.1| |-0.2
0002 00571 1| |  3.21965243|  2.18409826|    6.7|   -3.4| 53| 69| 1.8| 1.9|1981.59|1971.94| 4|1.5|0.7|1.6|0.7|13.405|0.411|12.045|0.207|999| |         |  3.21966361|  2.18407278|1.88|1.61| 96.2|140.9| |-0.1
0002 00579 1| |  3.47916609|  2.17991805|   -3.7|  -47.5| 65| 80| 1.9| 2.0|1972.24|1960.66| 3|0.4|0.5|0.4|0.5|13.052|0.341|11.507|0.119|999| |         |  3.47917472|  2.18002583|1.84|1.84| 75.0|102.0| | 0.0
0002 00596 1| |  3.67684214|  1.61401325|   41.7|  -13.5| 33| 42| 1.4| 1.4|1979.99|1974.94| 5|0.6|1.0|0.6|1.1|11.783|0.081|11.025|0.075|999|T|         |  3.67674833|  1.61403639|1.78|1.71| 43.3| 55.4| | 0.0
0002 00599 1| |  2.62495696|  1.62322328|   65.7|    5.1| 39| 47| 1.4| 1.4|1976.33|1970.46| 5|0.5|1.3|0.6|1.4|12.000|0.140|10.878|0.080|999|T|         |  2.62480833|  1.62321611|1.70|1.53| 54.2| 67.2| |-0.1
0002 00601 1| |  2.79333621|  1.62835403|    7.6|   -8.4|109|127| 2.9| 3.1|1967.08|1955.16| 2|   |   |   |   |13.531|0.460|12.446|0.261|999| |         |  2.79331861|  1.62837417|1.73|1.44|129.9|171.2| |-0.1
0002 00613 1| |  3.33973791|  2.12365075|   36.6|    4.0| 55| 70| 1.5| 1.7|1971.52|1956.10| 4|2.1|0.2|2.2|0.2|12.667|0.239|11.566|0.116|999| |         |  3.33965500|  2.12364139|1.86|1.67| 62.8| 92.8| | 0.0
0002 00648 1| |  3.10569110|  1.26649038|   34.5|  -52.2| 37| 36| 1.6| 1.6|1979.62|1976.65| 4|0.9|0.6|0.9|0.6|11.943|0.120|11.083|0.089|999| |         |  3.10560278|  1.26662389|1.79|1.63| 53.1| 71.1| |-0.1
0002 00649 1| |  2.80148315|  1.26498587|   22.2|   -9.8| 17| 25| 1.1| 1.2|1987.53|1982.19| 9|1.0|1.0|1.1|0.9|10.376|0.039| 9.884|0.036|999|T|         |  2.80143250|  1.26501250|1.82|1.41| 18.3| 28.6| |-0.1
0002 00650 1| |  2.70270836|  2.07564649|   16.0|  -12.3| 65| 71| 1.9| 1.9|1972.70|1967.10| 3|0.4|1.2|0.4|1.2|12.342|0.214|11.203|0.105|999| |         |  2.70267111|  2.07567528|1.72|1.48| 73.6| 85.0| |-0.1
0002 00653 1| |  2.90957072|  1.67326644|   22.2|    8.2| 53| 42| 1.8| 1.8|1974.88|1974.95| 4|0.9|0.9|0.9|0.9|11.983|0.125|11.730|0.162|999| |         |  2.90951583|  1.67323750|1.74|1.54| 71.6| 84.8| |-0.3
0002 00654 1| |  3.16727531|  2.06572693|   -2.7|  -13.4| 60| 81| 2.5| 2.6|1984.30|1976.73| 2|   |   |   |   |13.431|0.386|11.293|0.095|999| |         |  3.16728111|  2.06575833|1.83|1.57| 62.8| 90.2| |-0.2
0002 00666 1| |  2.94678199|  1.68144077|    5.2|  -11.4|112|125| 2.9| 3.1|1965.50|1956.40| 2|   |   |   |   |14.496|0.626|12.329|0.226|999| |         |  2.94677000|  1.68146778|1.73|1.53|135.8|166.3| |-0.3
0002 00670 1| |  4.70914202|  2.30812562|   -7.0|  -16.7| 19| 24| 1.3| 1.2|1987.84|1984.63| 9|1.1|0.6|1.1|0.6|11.205|0.058| 9.940|0.030|999|T|         |  4.70915889|  2.30816528|1.80|1.59| 20.4| 27.2| |-0.3
0002 00686 1| |  4.76532766|  2.44232382|  -34.0|  -23.5| 36| 39| 1.6| 1.6|1982.70|1978.91| 4|0.6|1.0|0.6|1.1|11.729|0.075|11.141|0.077|999|T|         |  4.76541056|  2.44236667|1.67|1.55| 42.8| 54.3| |-0.2
0002 00692 1| |  4.27984688|  1.89205566|   -9.7|  -16.7| 31| 38| 1.4| 1.4|1978.69|1974.29| 5|2.4|0.9|2.4|0.9|11.751|0.099|10.772|0.075|999|T|         |  4.27989361|  1.89208972|1.71|1.46| 47.8| 61.4| |-0.1
0002 00697 1| |  4.25753549|  0.00016263|  -13.8|  -19.0| 24| 31| 1.1| 1.2|1983.06|1977.36| 5|1.6|2.5|1.6|2.5|11.152|0.064|10.524|0.053|999|T|         |  4.25756611|  0.00018944|1.88|1.71| 30.1| 45.6| |-0.1
0002 00703 1| |  4.58788885|  0.52437852|  -15.0|  -16.2| 32| 41| 1.3| 1.3|1984.42|1978.21| 4|0.3|1.7|0.3|1.7|12.438|0.216|10.346|0.044|999|T|         |  4.58792333|  0.52441556|1.78|1.69| 33.2| 44.8| |-0.2
0002 00709 1| |  4.51505822|  0.61664815|   -3.0|    5.7|  4|  5| 0.9| 1.0|1991.36|1991.20|16|0.8|0.8|0.8|0.8| 8.634|0.017| 7.268|0.010|999|T|         |  4.51506500|  0.61663500|1.83|1.67|  4.4|  5.3| |-0.1
0002 00715 1| |  4.47774093|  0.37782532|  330.7|   99.4|  9| 12| 1.2| 1.2|1991.03|1990.40| 9|0.4|0.7|0.4|0.7| 9.519|0.022| 8.860|0.017|999|T|  1437   |  4.47699056|  0.37759778|1.83|1.75|  8.9| 11.9| | 0.0
0002 00721 1| |  4.20646238|  0.77172310|    1.2|  -17.8| 18| 23| 1.3| 1.3|1987.85|1985.32| 4|0.4|1.0|0.5|1.0|10.450|0.039| 9.984|0.036|999|T|         |  4.20645944|  0.77176056|1.77|1.62| 20.3| 26.6| |-0.3
0002 00733 1| |  4.85915252|  0.20385706|   -7.6|   -4.2| 35| 34| 1.5| 1.5|1983.54|1979.05| 5|1.2|0.4|1.2|0.4|12.678|0.244|10.782|0.064|999|T|         |  4.85918139|  0.20386361|1.82|1.60| 44.0| 60.0| |-0.1
0002 00734 1| |  4.09065035|  1.52656064|   55.5|    9.7| 83| 95| 2.1| 2.3|1960.71|1948.22| 3|1.2|1.8|1.1|1.8|12.624|0.248|12.767|0.297|999| |         |  4.09052250|  1.52653806|1.74|1.47|105.1|137.6| |-0.2
0002 00742 1| |  4.26030961|  2.37145593|   25.0|   -8.9|  8| 11| 1.1| 1.1|1990.89|1989.83| 9|1.0|0.5|1.0|0.5| 9.941|0.026| 8.597|0.014|999|T|  1360   |  4.26025278|  2.37147667|1.83|1.52|  8.1| 11.0| |-0.2
0002 00770 1| |  4.33855991|  2.34739452|   13.5|   50.1| 25| 32| 1.3| 1.3|1986.69|1982.78| 4|0.6|0.7|0.6|0.7|11.029|0.054|10.311|0.042|999|T|         |  4.33852917|  2.34727583|1.80|1.47| 25.7| 34.4| |-0.2
0002 00781 1| |  4.78526867|  0.83009648|   22.9|  -10.6| 43| 50| 1.7| 1.7|1976.29|1971.93| 4|0.7|0.5|0.7|0.5|12.178|0.142|12.126|0.188|999|T|         |  4.78520389|  0.83012972|1.76|1.54| 69.7| 90.6| |-0.2
0002 00785 1| |  4.15973777|  0.39289296|   11.1|   -7.0| 36| 52| 1.4| 1.5|1984.37|1975.20| 3|1.0|0.0|1.0|0.0|11.737|0.098|10.563|0.058|999|T|         |  4.15971250|  0.39290944|1.82|1.57| 37.8| 57.0| |-0.3
